dd4cf285b18c0456a170f7f6f60f0561099fd29d61460b076cabd7fe8b853c6f  to_vox2from_vox_1.npy
to_vox2from_vox_1 = [[ 1.24957096e+00  2.24954306e-16  3.27211493e-02  2.83313128e+01]
 [ 1.60010681e-13  1.24999998e+00 -6.11915826e-12  1.43939741e+02]
 [-3.27211668e-02  6.12084177e-12  1.24957161e+00  1.53056829e+02]
 [ 0.00000000e+00  0.00000000e+00  0.00000000e+00  1.00000000e+00]]
to_vox2from_vox_1.shape = (4, 4)
to_vox2from_vox_1.dtype = float64
7d92d51bfdb49c76177ca764525da235bce0ed5db8ee7b827ed30ec2b95f6b37  a_to_affine.npy
a_to_affine = [[ 1.00357811e+00  1.28000002e-13 -2.61769351e-02 -1.94520493e+01]
 [ 1.80669852e-16  1.00000001e+00  4.89700023e-12 -1.15151794e+02]
 [ 2.62796037e-02 -4.89500042e-12  9.99657363e-01 -1.22996811e+02]
 [ 0.00000000e+00  0.00000000e+00  0.00000000e+00  1.00000000e+00]]
a_to_affine.shape = (4, 4)
a_to_affine.dtype = float64
0df74fffcbcfdbe59da3712e2fffa0f5963d26cb48caac378c1064a5c766368d  to_vox2from_vox.npy
to_vox2from_vox = [[ 1.25490196e+00 -4.67388741e-30  2.69524250e-18  0.00000000e+00]
 [ 1.62073772e-29  1.25000000e+00  1.29503179e-27  2.84217094e-14]
 [-9.46358320e-18 -2.00786430e-28  1.25000000e+00  0.00000000e+00]
 [ 0.00000000e+00  0.00000000e+00  0.00000000e+00  1.00000000e+00]]
to_vox2from_vox.shape = (4, 4)
to_vox2from_vox.dtype = float64
